labelset,label,start,end,duration_days,duration_bars,duration_h2_bars,P1_med,P2_med,P3_med,P4_med,P5_med,P6_med,LFP_mean,days_since_halving_start,days_since_halving_mid,days_since_halving_end
regime3,range,2017-09-15,2017-09-28,13,13,156,30.0,15.0,6.75,,,,0.8207140271872599,433.0,439.5,446.0
regime3,down,2017-09-28,2017-09-29,1,1,12,30.0,15.0,10.0,,,,0.8144573854609969,446.0,446.5,447.0
regime3,range,2017-09-29,2017-10-13,14,14,168,30.0,15.0,10.0,,,,0.8892657859559052,447.0,454.0,461.0
regime3,up,2017-10-13,2017-11-05,23,23,276,30.0,15.0,10.0,,,,0.9482586218596906,461.0,472.5,484.0
regime3,range,2017-11-05,2017-11-06,1,1,12,30.0,8.75,6.0,,,,0.8180877363590293,484.0,484.5,485.0
regime3,up,2017-11-06,2018-01-31,86,86,1032,30.0,15.0,10.0,,,,0.9337422251218931,485.0,528.0,571.0
regime3,range,2018-01-31,2018-02-09,9,9,108,30.0,7.5,6.0,,,,0.7975236205364917,571.0,575.5,580.0
regime3,down,2018-02-09,2018-02-28,19,19,228,30.0,15.0,8.75,,,,0.940522192947944,580.0,589.5,599.0
regime3,range,2018-02-28,2018-03-13,13,13,156,22.5,15.0,10.0,,,,0.8999416185659065,599.0,605.5,612.0
regime3,down,2018-03-13,2018-04-29,47,47,564,30.0,15.0,10.0,,,,0.9414161343373767,612.0,635.5,659.0
regime3,range,2018-04-29,2018-05-23,24,24,288,30.0,15.0,10.0,,,,0.8672301984186719,659.0,671.0,683.0
regime3,down,2018-05-23,2018-06-15,23,23,276,30.0,15.0,10.0,,,,0.9104934571961429,683.0,694.5,706.0
regime3,range,2018-06-15,2018-06-16,1,1,12,15.0,18.0,4.903846153846153,,,,0.813654770045044,706.0,706.5,707.0
regime3,down,2018-06-16,2018-07-24,38,38,456,30.0,15.0,10.0,,,,0.8911542765938116,707.0,726.0,745.0
regime3,range,2018-07-24,2018-08-11,18,18,216,30.0,15.0,7.5,,,,0.9635932715738174,745.0,754.0,763.0
regime3,down,2018-08-11,2018-09-01,21,21,252,30.0,15.0,2.0,,,,0.9584056937663145,763.0,773.5,784.0
regime3,range,2018-09-01,2018-09-09,8,8,96,30.0,15.0,2.0,,,,0.9114191346869787,784.0,788.0,792.0
regime3,down,2018-09-09,2018-09-27,18,18,216,30.0,15.0,10.0,,,,0.9610402977883895,792.0,801.0,810.0
regime3,range,2018-09-27,2018-11-17,51,51,612,10.0,10.0,10.0,,,,0.8527061622503482,810.0,835.5,861.0
regime3,down,2018-11-17,2019-01-08,52,52,624,30.0,15.0,10.0,,,,0.9329677015556136,861.0,887.0,913.0
regime3,range,2019-01-08,2019-01-19,11,11,132,15.0,7.5,10.0,,,,0.6579800684080723,913.0,918.5,924.0
regime3,down,2019-01-19,2019-01-31,12,12,144,30.0,15.0,10.0,,,,0.8503528230133229,924.0,930.0,936.0
regime3,range,2019-01-31,2019-02-08,8,8,96,30.0,7.5,2.5,,,,0.7554559080385445,936.0,940.0,944.0
regime3,down,2019-02-08,2019-03-09,29,29,348,30.0,15.0,7.5,,,,0.8769210425224768,944.0,958.5,973.0
regime3,range,2019-03-09,2019-04-05,27,27,324,30.0,15.0,8.75,,,,0.772916813172011,973.0,986.5,1000.0
regime3,up,2019-04-05,2019-04-29,24,24,288,30.0,15.0,10.0,,,,0.927918489881881,1000.0,1012.0,1024.0
regime3,range,2019-04-29,2019-05-09,10,10,120,30.0,15.0,5.0,,,,0.7778671467817685,1024.0,1029.0,1034.0
regime3,up,2019-05-09,2019-07-13,65,65,780,30.0,15.0,10.0,,,,0.9214519426917279,1034.0,1066.5,1099.0
regime3,range,2019-07-13,2019-07-24,11,11,132,15.0,10.0,10.0,,,,0.7462385112978419,1099.0,1104.5,1110.0
regime3,up,2019-07-24,2019-07-31,7,7,84,30.0,15.0,10.0,,,,0.8217041248500336,1110.0,1113.5,1117.0
regime3,range,2019-07-31,2019-08-02,2,2,24,30.0,10.0,15.0,,,,0.7986746047470928,1117.0,1118.0,1119.0
regime3,up,2019-08-02,2019-09-01,30,30,360,30.0,15.0,10.0,,,,0.9293377587091161,1119.0,1134.0,1149.0
regime3,range,2019-09-01,2019-09-03,2,2,24,30.0,10.0,7.5,,,,0.8048086216260314,1149.0,1150.0,1151.0
regime3,up,2019-09-03,2019-09-10,7,7,84,30.0,7.5,5.625,,,,0.849923546843984,1151.0,1154.5,1158.0
regime3,range,2019-09-10,2019-10-01,21,21,252,22.5,10.0,12.5,,,,0.9346671517902497,1158.0,1168.5,1179.0
regime3,down,2019-10-01,2019-10-21,20,20,240,30.0,15.0,10.0,,,,0.9509875301953066,1179.0,1189.0,1199.0
regime3,range,2019-10-21,2019-10-29,8,8,96,15.0,15.0,7.5,,,,0.7752061993561519,1199.0,1203.0,1207.0
regime3,down,2019-10-29,2019-10-31,2,2,24,30.0,15.0,6.0,,,,0.8730928884619186,1207.0,1208.0,1209.0
regime3,range,2019-10-31,2019-11-22,22,22,264,30.0,15.0,7.5,,,,0.9208324556133781,1209.0,1220.0,1231.0
regime3,down,2019-11-22,2019-12-27,35,35,420,30.0,15.0,10.0,,,,0.9168350405037715,1231.0,1248.5,1266.0
regime3,range,2019-12-27,2020-01-30,34,34,408,30.0,15.0,10.0,,,,0.7849829082303194,1266.0,1283.0,1300.0
regime3,up,2020-01-30,2020-03-02,32,32,384,30.0,15.0,10.0,,,,0.9160381795328707,1300.0,1316.0,1332.0
regime3,range,2020-03-02,2020-03-13,11,11,132,30.0,15.0,10.0,,,,0.9040206315165079,1332.0,1337.5,1343.0
regime3,down,2020-03-13,2020-04-24,42,42,504,30.0,15.0,10.0,,,,0.8865183406602803,1343.0,1364.0,1385.0
regime3,range,2020-04-24,2020-05-06,12,12,144,30.0,15.0,10.0,,,,0.8313758928071379,1385.0,1391.0,1397.0
regime3,up,2020-05-06,2020-05-28,22,22,264,30.0,15.0,7.5,,,,0.9100865522755472,1397.0,11.0,17.0
regime3,range,2020-05-28,2020-06-05,8,8,96,15.0,10.0,5.0,,,,0.7584463971707065,17.0,21.0,25.0
regime3,up,2020-06-05,2020-06-12,7,7,84,15.0,22.5,10.0,,,,0.8094179259679721,25.0,28.5,32.0
regime3,range,2020-06-12,2020-07-27,45,45,540,30.0,15.0,7.5,,,,0.727233558433623,32.0,54.5,77.0
regime3,up,2020-07-27,2020-08-22,26,26,312,30.0,15.0,10.0,,,,0.9182879596236289,77.0,90.0,103.0
regime3,range,2020-08-22,2020-08-31,9,9,108,30.0,10.0,4.285714285714286,,,,0.7691461738703388,103.0,107.5,112.0
regime3,up,2020-08-31,2020-09-01,1,1,12,30.0,15.0,10.0,,,,0.7953736486813582,112.0,112.5,113.0
regime3,range,2020-09-01,2020-09-03,2,2,24,30.0,15.0,10.0,,,,0.7852605517761955,113.0,114.0,115.0
regime3,up,2020-09-03,2020-09-10,7,7,84,30.0,15.0,7.5,,,,0.8482221021771508,115.0,118.5,122.0
regime3,range,2020-09-10,2020-10-20,40,40,480,30.0,15.0,10.0,,,,0.8616442504803943,122.0,142.0,162.0
regime3,up,2020-10-20,2020-12-09,50,50,600,30.0,15.0,10.0,,,,0.928392697227935,162.0,187.0,212.0
regime3,range,2020-12-09,2020-12-19,10,10,120,15.0,10.0,7.5,,,,0.7754499664941368,212.0,217.0,222.0
regime3,up,2020-12-19,2021-01-31,43,43,516,30.0,15.0,10.0,,,,0.9504397560322159,222.0,243.5,265.0
regime3,range,2021-01-31,2021-02-04,4,4,48,30.0,15.0,5.0,,,,0.7692361466587732,265.0,267.0,269.0
regime3,up,2021-02-04,2021-04-17,72,72,864,30.0,15.0,10.0,,,,0.9164724274799493,269.0,305.0,341.0
regime3,range,2021-04-17,2021-04-21,4,4,48,30.0,15.0,10.0,,,,0.7507264040154035,341.0,343.0,345.0
regime3,up,2021-04-21,2021-05-14,23,23,276,30.0,15.0,10.0,,,,0.9187252301419759,345.0,356.5,368.0
regime3,range,2021-05-14,2021-05-22,8,8,96,30.0,15.0,10.0,,,,0.8636816800300132,368.0,372.0,376.0
regime3,down,2021-05-22,2021-06-16,25,25,300,30.0,15.0,7.5,,,,0.9042458769929881,376.0,388.5,401.0
regime3,range,2021-06-16,2021-06-27,11,11,132,12.5,10.0,30.0,,,,0.7465346824088704,401.0,406.5,412.0
regime3,down,2021-06-27,2021-07-07,10,10,120,15.0,30.0,10.0,,,,0.8322205680796244,412.0,417.0,422.0
regime3,range,2021-07-07,2021-07-20,13,13,156,30.0,15.0,5.5,,,,0.6931122565399507,422.0,428.5,435.0
regime3,down,2021-07-20,2021-08-02,13,13,156,30.0,15.0,10.0,,,,0.8982348979872388,435.0,441.5,448.0
regime3,range,2021-08-02,2021-08-13,11,11,132,30.0,15.0,10.0,,,,0.9752777477894133,448.0,453.5,459.0
regime3,up,2021-08-13,2021-09-06,24,24,288,30.0,15.0,7.5,,,,0.8945174048309846,459.0,471.0,483.0
regime3,range,2021-09-06,2021-09-20,14,14,168,15.0,15.0,30.0,,,,0.7569324212953593,483.0,490.0,497.0
regime3,up,2021-09-20,2021-09-23,3,3,36,15.0,10.0,30.0,,,,0.8193365695074198,497.0,498.5,500.0
regime3,range,2021-09-23,2021-10-06,13,13,156,15.0,15.0,30.0,,,,0.8121718436867208,500.0,506.5,513.0
regime3,up,2021-10-06,2021-11-05,30,30,360,30.0,15.0,5.0,,,,0.9215593994470945,513.0,528.0,543.0
regime3,range,2021-11-05,2021-11-19,14,14,168,30.0,5.0,5.0,,,,0.638664645259498,543.0,550.0,557.0
regime3,up,2021-11-19,2021-12-04,15,15,180,30.0,15.0,6.0,,,,0.9016191567024038,557.0,564.5,572.0
regime3,range,2021-12-04,2021-12-17,13,13,156,30.0,12.5,7.5,,,,0.7563450490753942,572.0,578.5,585.0
regime3,down,2021-12-17,2021-12-31,14,14,168,30.0,15.0,7.5,,,,0.8623775511975198,585.0,592.0,599.0
regime3,range,2021-12-31,2022-01-03,3,3,36,15.0,12.5,20.0,,,,0.7943080625125694,599.0,600.5,602.0
regime3,down,2022-01-03,2022-03-22,78,78,936,30.0,15.0,10.0,,,,0.9158002359501388,602.0,641.0,680.0
regime3,range,2022-03-22,2022-04-30,39,39,468,30.0,15.0,7.5,,,,0.9193460123293601,680.0,699.5,719.0
regime3,down,2022-04-30,2022-05-01,1,1,12,30.0,12.5,10.0,,,,0.7901175395023348,719.0,719.5,720.0
regime3,range,2022-05-01,2022-05-10,9,9,108,30.0,15.0,5.0,,,,0.7253348169049922,720.0,724.5,729.0
regime3,down,2022-05-10,2022-06-04,25,25,300,30.0,15.0,10.0,,,,0.9095257229150153,729.0,741.5,754.0
regime3,range,2022-06-04,2022-06-14,10,10,120,7.5,10.0,15.0,,,,0.705438138832319,754.0,759.0,764.0
regime3,down,2022-06-14,2022-08-15,62,62,744,15.0,15.0,10.0,,,,0.9091257795983394,764.0,795.0,826.0
regime3,range,2022-08-15,2022-08-20,5,5,60,10.0,15.0,12.5,,,,0.794544725112072,826.0,828.5,831.0
regime3,down,2022-08-20,2022-10-12,53,53,636,30.0,15.0,10.0,,,,0.9034881062516903,831.0,857.5,884.0
regime3,range,2022-10-12,2022-10-15,3,3,36,30.0,6.0,15.0,,,,0.7816259975543027,884.0,885.5,887.0
regime3,down,2022-10-15,2022-11-04,20,20,240,30.0,15.0,10.0,,,,0.8791641591496058,887.0,897.0,907.0
regime3,range,2022-11-04,2022-11-09,5,5,60,30.0,15.0,10.0,,,,0.9075668088287383,907.0,909.5,912.0
regime3,down,2022-11-09,2022-12-16,37,37,444,30.0,15.0,10.0,,,,0.9073121527054638,912.0,930.5,949.0
regime3,range,2022-12-16,2022-12-19,3,3,36,30.0,12.5,5.892857142857142,,,,0.779733927002102,949.0,950.5,952.0
regime3,down,2022-12-19,2023-01-04,16,16,192,30.0,10.0,10.0,,,,0.8232916952408231,952.0,960.0,968.0
regime3,range,2023-01-04,2023-01-07,3,3,36,30.0,10.0,15.0,,,,0.7945252228271806,968.0,969.5,971.0
regime3,down,2023-01-07,2023-01-12,5,5,60,30.0,12.5,10.0,,,,0.8885034567234557,971.0,973.5,976.0
regime3,range,2023-01-12,2023-01-21,9,9,108,30.0,15.0,10.0,,,,0.991539955623803,976.0,980.5,985.0
regime3,up,2023-01-21,2023-02-17,27,27,324,30.0,15.0,7.5,,,,0.9478465248228009,985.0,998.5,1012.0
regime3,range,2023-02-17,2023-02-19,2,2,24,30.0,15.0,3.333333333333333,,,,0.7802166141455569,1012.0,1013.0,1014.0
regime3,up,2023-02-19,2023-03-11,20,20,240,15.0,30.0,10.0,,,,0.9015534615034623,1014.0,1024.0,1034.0
regime3,range,2023-03-11,2023-03-14,3,3,36,30.0,10.0,11.25,,,,0.9356399277593299,1034.0,1035.5,1037.0
regime3,up,2023-03-14,2023-04-11,28,28,336,30.0,15.0,10.0,,,,0.9356210653650348,1037.0,1051.0,1065.0
regime3,range,2023-04-11,2023-04-16,5,5,60,30.0,10.0,3.0,,,,0.691589411282686,1065.0,1067.5,1070.0
regime3,up,2023-04-16,2023-05-19,33,33,396,30.0,15.0,10.0,,,,0.9068000038067666,1070.0,1086.5,1103.0
regime3,range,2023-05-19,2023-06-26,38,38,456,30.0,15.0,10.0,,,,0.8245393687619471,1103.0,1122.0,1141.0
regime3,up,2023-06-26,2023-07-18,22,22,264,30.0,15.0,10.0,,,,0.9506972206007904,1141.0,1152.0,1163.0
regime3,range,2023-07-18,2023-10-25,99,99,1188,30.0,15.0,8.75,,,,0.8007357662051683,1163.0,1212.5,1262.0
regime3,up,2023-10-25,2023-11-25,31,31,372,30.0,15.0,10.0,,,,0.9464029054945631,1262.0,1277.5,1293.0
regime3,range,2023-11-25,2023-12-07,12,12,144,30.0,4.285714285714286,4.285714285714286,,,,0.508618112137119,1293.0,1299.0,1305.0
regime3,up,2023-12-07,2023-12-26,19,19,228,30.0,15.0,10.0,,,,0.9257535790158554,1305.0,1314.5,1324.0
regime3,range,2023-12-26,2024-01-19,24,24,288,15.0,15.0,7.5,,,,0.7286080710753514,1324.0,1336.0,1348.0
regime3,up,2024-01-19,2024-03-29,70,70,840,30.0,15.0,10.0,,,,0.9380422680527161,1348.0,1383.0,1418.0
regime3,range,2024-03-29,2024-04-17,19,19,228,15.0,30.0,10.0,,,,0.7453915220862243,1418.0,1427.5,1437.0
regime3,up,2024-04-17,2024-05-08,21,21,252,15.0,30.0,10.0,,,,0.8330551086833599,1437.0,10.5,18.0
regime3,range,2024-05-08,2024-05-19,11,11,132,15.0,30.0,6.75,,,,0.8437658741273838,18.0,23.5,29.0
regime3,up,2024-05-19,2024-06-09,21,21,252,30.0,15.0,5.0,,,,0.8514555501265544,29.0,39.5,50.0
regime3,range,2024-06-09,2024-06-14,5,5,60,15.0,8.75,7.5,,,,0.7468705072884193,50.0,52.5,55.0
regime3,up,2024-06-14,2024-06-18,4,4,48,15.0,10.0,10.0,,,,0.8605021579679502,55.0,57.0,59.0
regime3,range,2024-06-18,2024-09-08,82,82,984,30.0,15.0,10.0,,,,0.9138937483569514,59.0,100.0,141.0
regime3,down,2024-09-08,2024-09-12,4,4,48,30.0,15.0,10.0,,,,0.931592634836275,141.0,143.0,145.0
regime3,range,2024-09-12,2024-10-27,45,45,540,30.0,15.0,10.0,,,,0.9440533501573821,145.0,167.5,190.0
regime3,up,2024-10-27,2024-12-12,46,46,552,30.0,15.0,10.0,,,,0.9231040796432802,190.0,213.0,236.0
regime3,range,2024-12-12,2024-12-24,12,12,144,30.0,7.5,7.5,,,,0.7528912734168801,236.0,242.0,248.0
regime3,up,2024-12-24,2025-01-18,25,25,300,30.0,12.5,10.0,,,,0.8520510858283227,248.0,260.5,273.0
regime3,range,2025-01-18,2025-01-21,3,3,36,10.0,15.0,4.285714285714286,,,,0.7914634489927406,273.0,274.5,276.0
regime3,up,2025-01-21,2025-02-15,25,25,300,30.0,15.0,8.75,,,,0.879872550915363,276.0,288.5,301.0
regime3,range,2025-02-15,2025-03-13,26,26,312,30.0,15.0,10.0,,,,0.8523534520034269,301.0,314.0,327.0
regime3,down,2025-03-13,2025-03-15,2,2,24,30.0,15.0,15.0,,,,0.8040616613135301,327.0,328.0,329.0
regime3,range,2025-03-15,2025-04-06,22,22,264,30.0,15.0,10.0,,,,0.7345813977045701,329.0,340.0,351.0
regime3,down,2025-04-06,2025-04-14,8,8,96,30.0,15.0,10.0,,,,0.878110737472739,351.0,355.0,359.0
regime3,range,2025-04-14,2025-05-09,25,25,300,30.0,15.0,10.0,,,,0.8727122412365446,359.0,371.5,384.0
regime3,up,2025-05-09,2025-08-23,106,106,1272,30.0,15.0,10.0,,,,0.8989897621046081,384.0,437.0,490.0
regime3,range,2025-08-23,2025-08-26,3,4,48,15.0,30.0,6.666666666666666,,,,0.832725046505664,490.0,491.5,493.0
